dirtyCache=false
sortingAscending=true
sortingColumn=-1
table_col_0=0.023529412
table_col_1=0.66588235
table_col_2=0.11764706
table_col_3=0.21647058
